@subtask samples
manual sample1.in
manual sample2.in

@subtask s1
# usage: gen MAX_N MAX_M add print move (%)
gen 1 1000000 100 0 0
gen 1 1000000 95 5 0
gen 1 1000000 90 10 0
gen 1 1000000 85 15 0
gen 1 1000000 80 20 0
gen 1 1000000 75 25 0
gen 1 1000000 70 30 0
gen 1 1000000 65 35 0
gen 1 1000000 60 40 0
gen 1 1000000 55 45 0
gen 1 1000000 50 50 0
gen 1 1000000 45 55 0
gen 1 1000000 40 60 0
@subtask s2
gen 5000 5000 60 30 10
gen 5000 5000 60 20 20
gen 5000 5000 60 10 30
gen 5000 5000 50 40 10
gen 5000 5000 50 30 20
gen 5000 5000 50 20 30
gen 5000 5000 50 10 40
gen 5000 5000 40 50 10
gen 5000 5000 40 40 20
gen 5000 5000 40 30 30
gen 5000 5000 40 20 40
gen 5000 5000 40 10 50
@subtask s3
@include s1
@include s2
gen_random 10 1000000 90 5 5
gen_random 10 1000000 80 5 15
gen_random 10 1000000 70 5 25
gen_random 10 1000000 60 5 35
gen_random 10 1000000 50 5 45
gen_random 100 1000000 90 5 5
gen_random 100 1000000 80 5 15
gen_random 100 1000000 70 5 25
gen_random 100 1000000 60 5 35
gen_random 100 1000000 50 5 45
gen_random 1000 1000000 90 5 5
gen_random 1000 1000000 80 5 15
gen_random 1000 1000000 70 5 25
gen_random 1000 1000000 60 5 35
gen_random 1000 1000000 50 5 45
gen 10 1000000 90 5 5
gen 10 1000000 80 5 15
gen 10 1000000 70 5 25
gen 10 1000000 60 5 35
gen 10 1000000 50 5 45
gen 100 1000000 90 5 5
gen 100 1000000 80 5 15
gen 100 1000000 70 5 25
gen 100 1000000 60 5 35
gen 100 1000000 50 5 45
gen 1000 1000000 90 5 5
gen 1000 1000000 80 5 15
gen 1000 1000000 70 5 25
gen 1000 1000000 60 5 35
gen 1000 1000000 50 5 45
gen 10000 1000000 50 5 45
gen 10000 1000000 50 4 46
gen 10000 1000000 50 3 47
gen 10000 1000000 50 2 48
gen 10000 1000000 50 1 49
gen 1000000 1000000 50 5 45
gen 1000000 1000000 50 4 46
gen 1000000 1000000 50 3 47
gen 1000000 1000000 50 2 48
gen 1000000 1000000 50 1 49
